0.5000
0.5700
0.6400
0.7100
0.7800
0.8500
0.9200
0.9900
1.0600
1.1300
1.2000
1.2700
1.3400
1.4100
1.4800
1.5500
1.6200
1.6900
1.7600
1.8300
1.9000
1.9700
2.0400
2.1100
2.1800
2.2500
2.3200
2.3900
2.4600
2.5300
2.6000
2.6700
2.7400
2.8100
2.8800
2.9500
3.0200
3.0900
3.1600
3.2300
3.3000
3.3700
3.4400
3.5100
3.5800
3.6500
3.7200
3.7900
3.8600
3.9300
4.0000
4.0700
4.1400
4.2100
4.2800
4.3500
4.4200
4.4900
4.5600
4.6300
4.7000
4.7700
4.8400
4.9100
4.9800
5.0500
5.1200
5.1900
5.2600
5.3300
5.4000
5.4700
5.5400
5.6100
5.6800
6.0500
9.1600
9.2200
9.2800
9.3400
9.4000
9.4600
9.5200
9.5800
9.6400
9.7000
9.7600
9.8200
9.8800
9.9400
10.0000
10.0600
10.1200
10.1800
10.2400
10.3000
10.3600
10.4200
10.4800
10.5400
10.6000
10.6600
10.7200
10.7800
10.8400
10.9000
10.9600
11.0200
11.2800
